2.006747871637344360e-01
2.188177853822708130e-01
2.708573043346405029e-01
2.891372144222259521e-01
3.761343359947204590e-01
2.943574786186218262e-01
2.907347381114959717e-01
2.159072309732437134e-01
2.000579088926315308e-01
1.006116271018981934e-01
1.701551377773284912e-01
3.967317640781402588e-01
2.972528338432312012e-01
2.906247675418853760e-01
2.178957760334014893e-01
1.581139266490936279e-01
-9.973491728305816650e-02
1.247780323028564453e-01
1.168284937739372253e-01
1.147680357098579407e-01
5.596047639846801758e-02
5.556949600577354431e-02
1.904358267784118652e-01
1.272022128105163574e-01
2.115157097578048706e-01
1.892218589782714844e-01
2.464237958192825317e-01
1.541274785995483398e-01
2.147685587406158447e-01
-1.183991786092519760e-02
-2.433351799845695496e-02
2.592608034610748291e-01
1.496839374303817749e-01
2.468876093626022339e-01
2.576699852943420410e-01
3.448595106601715088e-01
1.156999394297599792e-01
3.381684422492980957e-01
2.726098597049713135e-01
4.124918580055236816e-01
3.246987760066986084e-01
3.244910538196563721e-01
2.207560241222381592e-01
2.204811424016952515e-01
1.429911404848098755e-01
1.688507944345474243e-01
1.012592539191246033e-01
-2.459099516272544861e-03
3.749349340796470642e-02
8.834544569253921509e-02
1.994850337505340576e-01
2.554987668991088867e-01
3.113533556461334229e-01
3.119352757930755615e-01
2.547740042209625244e-01
2.566753029823303223e-01
2.343330681324005127e-01
2.173907756805419922e-01
2.311558872461318970e-01
2.135014384984970093e-01
1.453946381807327271e-01
1.355991214513778687e-01
7.294347137212753296e-02
8.471372723579406738e-02
1.381067838519811630e-02
-2.214403264224529266e-02
5.398133769631385803e-02
2.116115242242813110e-01
2.136663347482681274e-01
4.585343599319458008e-02
-1.921476610004901886e-02
-8.788736909627914429e-02
4.696980491280555725e-02
-4.275920242071151733e-02
-8.304726332426071167e-02
2.978421375155448914e-02
-1.415210030972957611e-02
9.886939823627471924e-02
1.411765813827514648e-01
9.371823817491531372e-02
3.611728549003601074e-02
5.378545448184013367e-02
1.563087254762649536e-01
2.205923199653625488e-01
1.942245513200759888e-01
1.524516195058822632e-01
1.131870504468679428e-02
-7.765609771013259888e-02
1.798086613416671753e-02
-1.297672092914581299e-02
-1.557875126600265503e-01
1.093167252838611603e-02
1.510134637355804443e-01
6.835614889860153198e-02
6.084994599223136902e-02
5.843769013881683350e-02
-2.585081616416573524e-03
-1.166696473956108093e-01
3.845526650547981262e-02
1.100420486181974411e-02
1.427725553512573242e-01
1.505485773086547852e-01
1.936097443103790283e-01
2.233799695968627930e-01
2.168114036321640015e-01
2.232381105422973633e-01
2.683262228965759277e-01
2.543224692344665527e-01
2.195403724908828735e-01
3.128721714019775391e-01
3.643076419830322266e-01
3.200394809246063232e-01
3.516552746295928955e-01
3.106675148010253906e-01
2.529073059558868408e-01
1.552693992853164673e-01
-9.279959835112094879e-03
1.511523276567459106e-01
2.014197856187820435e-01
2.740765810012817383e-01
2.495266795158386230e-01
3.056232929229736328e-01
2.232872545719146729e-01
3.028766214847564697e-01
1.572930365800857544e-01
1.412460347637534142e-03
-2.015843614935874939e-02
6.771251559257507324e-02
-1.172924339771270752e-01
-2.890507690608501434e-02
-1.416140347719192505e-01
-4.707245528697967529e-02
-4.369354248046875000e-02
5.168518796563148499e-02
-2.179845236241817474e-02
-4.287967830896377563e-02
3.006914444267749786e-02
8.307471871376037598e-02
1.568297855556011200e-02
-3.240918368101119995e-02
-6.551637500524520874e-02
7.799775898456573486e-02
9.386502206325531006e-02
1.468825936317443848e-01
1.263640671968460083e-01
3.369910269975662231e-02
4.108265042304992676e-02
-1.029426604509353638e-02
-1.233592331409454346e-01
-1.960658729076385498e-01
1.660809665918350220e-02
4.088003933429718018e-02
6.365217268466949463e-02
7.069960236549377441e-02
9.012391418218612671e-02
4.982976987957954407e-02
7.722637802362442017e-02
3.685140982270240784e-02
4.849453642964363098e-02
-1.189720034599304199e-01
-4.804852977395057678e-02
-9.936024993658065796e-02
-5.173575878143310547e-02
-8.616506308317184448e-02
1.257922351360321045e-01
1.145043224096298218e-01
5.936725530773401260e-03
-9.290514141321182251e-02
-2.405320107936859131e-01
-2.122886031866073608e-01
-8.557005226612091064e-02
-1.814842075109481812e-01
-1.202686280012130737e-01
3.201232478022575378e-02
-2.866458520293235779e-02
3.587516024708747864e-02
1.561729144304990768e-02
8.135174214839935303e-02
9.075399488210678101e-02
-1.063214894384145737e-02
-8.713792264461517334e-02
-9.398374706506729126e-02
-8.588658273220062256e-02
1.544658932834863663e-02
7.481866329908370972e-02
1.558456271886825562e-01
1.616385579109191895e-01
3.257193267345428467e-01
1.956200152635574341e-01
1.861142367124557495e-01
7.241540402173995972e-02
1.672304868698120117e-01
2.915822863578796387e-01
2.600209414958953857e-01
7.695164531469345093e-02
-3.172234818339347839e-02
-3.866087272763252258e-02
1.092038210481405258e-02
-8.661688119173049927e-02
3.653609007596969604e-02
1.058082059025764465e-01
1.854376643896102905e-01
2.225756049156188965e-01
1.914889812469482422e-01
8.902368694543838501e-02
5.661258939653635025e-03
-1.849479041993618011e-02
1.873124577105045319e-02
1.352490633726119995e-01
-1.164261698722839355e-01
3.417518362402915955e-02
6.719708442687988281e-02
-1.154382005333900452e-01
-1.974018365144729614e-01
-1.706990003585815430e-01
-1.531511098146438599e-01
9.351039305329322815e-03
-1.924674841575324535e-03
1.127299442887306213e-01
2.976764691993594170e-03
-9.756133891642093658e-03
5.239452794194221497e-02
-1.515631738584488630e-04
-3.047447651624679565e-02
7.163915038108825684e-02
5.048466101288795471e-02
-1.165895313024520874e-01
-5.838366597890853882e-02
-2.447663843631744385e-01
-8.011996001005172729e-02
-1.113009359687566757e-02
-5.843148753046989441e-02
-2.371370792388916016e-02
-9.405419230461120605e-02
1.066202372312545776e-01
-2.864637039601802826e-02
-5.428496375679969788e-02
-1.787870377302169800e-01
-1.546855717897415161e-01
-2.756344377994537354e-01
-2.337962538003921509e-01
-2.217322140932083130e-01
-1.933754533529281616e-01
-1.167790815234184265e-01
5.079917144030332565e-03
9.783588349819183350e-02
-3.122017346322536469e-02
-1.097423359751701355e-01
-1.149587035179138184e-01
-5.006394162774085999e-02
-7.876256853342056274e-02
-2.107100784778594971e-01
-1.933559179306030273e-01
1.359780691564083099e-02
-6.868437677621841431e-02
-2.563419342041015625e-01
-1.699005216360092163e-01
-1.629196703433990479e-01
-2.601504325866699219e-01
5.576008558273315430e-02
6.708109867759048939e-04
-1.208226606249809265e-01
-1.565814912319183350e-01
-2.006238251924514771e-01
-2.122998610138893127e-02
4.094890505075454712e-02
2.199797704815864563e-02
1.867609322071075439e-01
7.006992399692535400e-02
1.757358908653259277e-01
5.740287154912948608e-02
4.021852090954780579e-02
8.978015184402465820e-02
-2.639904431998729706e-02
5.443703755736351013e-02
1.135107725858688354e-01
7.127784937620162964e-02
-5.277593433856964111e-02
-1.477071046829223633e-01
-1.456707268953323364e-01
-1.986514925956726074e-01
-2.446455806493759155e-01
-3.378584086894989014e-01
-3.590035438537597656e-01
-2.897162735462188721e-01
-2.617590725421905518e-01
-2.111864089965820312e-01
-8.104369044303894043e-02
-1.652678102254867554e-01
-1.162210404872894287e-01
-7.661496847867965698e-02
-4.507916513830423355e-03
2.993378974497318268e-02
-5.486862268298864365e-03
1.909930724650621414e-04
2.745384350419044495e-03
1.805519610643386841e-01
2.261847108602523804e-01
2.446195334196090698e-01
3.965409398078918457e-01
2.579217553138732910e-01
1.744055449962615967e-01
5.369661003351211548e-02
-4.716808721423149109e-02
-1.036131829023361206e-01
-9.739678353071212769e-03
-9.252703934907913208e-02
-1.748687475919723511e-01
-1.837769746780395508e-01
-6.260211020708084106e-02
1.091572046279907227e-01
1.817584931850433350e-01
3.320166468620300293e-01
1.921064853668212891e-01
1.935056746006011963e-01
-6.380303204059600830e-02
-1.465999633073806763e-01
-1.712260544300079346e-01
-3.674986958503723145e-02
-7.469907402992248535e-02
-1.434143036603927612e-01
-1.670858412981033325e-01
-2.467094361782073975e-01
-1.692925989627838135e-01
-2.462034225463867188e-01
-1.348823010921478271e-01
-1.946501582860946655e-01
-1.538559943437576294e-01
-2.357008010149002075e-01
-2.280195802450180054e-01
-3.000161647796630859e-01
-2.091908901929855347e-01
-2.102121859788894653e-01
-2.902662754058837891e-01
-3.022267222404479980e-01
-1.651329249143600464e-01
-2.384805828332901001e-01
-1.943741589784622192e-01
-1.272971928119659424e-02
1.421876698732376099e-01
6.510829925537109375e-02
1.458836644887924194e-01
1.042913496494293213e-01
7.612233608961105347e-02
-5.898534134030342102e-02
-2.579206824302673340e-01
-2.155523449182510376e-01
-2.477039098739624023e-01
-1.776672452688217163e-01
-8.064594119787216187e-02
-1.686601936817169189e-01
-3.603336215019226074e-02
-9.085311740636825562e-02
-9.093309938907623291e-02
-2.285930216312408447e-01
-2.429326772689819336e-01
-1.115650087594985962e-01
-2.051980346441268921e-01
-9.520851075649261475e-02
-2.547332942485809326e-01
-2.402386218309402466e-01
-1.999863237142562866e-01
-3.896029293537139893e-02
-6.323780119419097900e-02
-9.803073853254318237e-02
-1.658701300621032715e-01
-1.764090806245803833e-01
-2.051951289176940918e-01
-2.267292737960815430e-01
-2.464945763349533081e-01
-2.330967634916305542e-01
-6.192694976925849915e-02
1.143228728324174881e-02
-3.353600949048995972e-02
-4.813869670033454895e-02
-1.607407629489898682e-01
-2.023945748805999756e-01
-3.009897768497467041e-01
-3.143466114997863770e-01
-2.246582955121994019e-01
-1.262951940298080444e-01
-1.619602292776107788e-01
-8.980399370193481445e-02
-5.905389413237571716e-02
-2.315626293420791626e-01
-2.287163287401199341e-01
-2.029817700386047363e-01
-8.423148095607757568e-02
-5.996793881058692932e-02
-1.685021817684173584e-01
-1.296984851360321045e-01
-1.400900930166244507e-01
-2.230787426233291626e-01
-2.023819535970687866e-01
-1.611296683549880981e-01
-7.032316923141479492e-02
-2.160032093524932861e-01
-2.883329689502716064e-01
-2.825790047645568848e-01
-2.121952921152114868e-01
-6.529172509908676147e-02
-2.943088486790657043e-02
-3.045557439327239990e-01
-2.909118533134460449e-01
-2.419312000274658203e-01
-1.769175380468368530e-01
-1.875560134649276733e-01
-2.009930312633514404e-01
-2.756259441375732422e-01
-2.294758856296539307e-01
-1.527888178825378418e-01
-1.217402964830398560e-01
-1.120883896946907043e-01
-7.567578554153442383e-02
-2.980070374906063080e-02
-1.252688765525817871e-01
-5.738271772861480713e-02
-4.763073846697807312e-02
3.981195390224456787e-02
6.250464916229248047e-02
1.018934473395347595e-01
-4.358099773526191711e-03
9.792756289243698120e-03
-1.110044047236442566e-01
-1.774896383285522461e-01
-2.547228634357452393e-01
-2.749888896942138672e-01
-2.301262319087982178e-01
-2.492256611585617065e-01
-2.626697123050689697e-01
-2.365308851003646851e-01
-1.616864502429962158e-01
-1.996373385190963745e-01
-1.932576149702072144e-01
-2.322957962751388550e-01
-1.648673266172409058e-01
-1.754942387342453003e-01
-1.640680879354476929e-01
-6.424777954816818237e-02
-1.588432639837265015e-01
-1.875289678573608398e-01
-2.531023323535919189e-01
-2.652721107006072998e-01
-2.344773560762405396e-01
-6.788919866085052490e-02
-1.227769628167152405e-01
-1.154564395546913147e-01
-1.786237508058547974e-01
-1.916254460811614990e-01
-1.252878159284591675e-01
-1.084791570901870728e-01
-1.399856209754943848e-01
-3.015536367893218994e-01
-3.218270540237426758e-01
-2.623276710510253906e-01
-2.809359133243560791e-01
-3.280068039894104004e-01
-3.158256411552429199e-01
-2.477384507656097412e-01
-2.604240477085113525e-01
-2.131690680980682373e-01
-2.958260178565979004e-01
-2.475266158580780029e-01
1.519498378038406372e-01
-2.305580079555511475e-01
-3.495026230812072754e-01
-2.568596601486206055e-01
-3.222739398479461670e-01
-3.754757046699523926e-01
-1.903071850538253784e-01
-1.723506003618240356e-01
-2.204487770795822144e-01
-1.693625450134277344e-01
-8.352509140968322754e-02
-2.015599906444549561e-01
-3.434127867221832275e-01
-2.610430717468261719e-01
-3.643803894519805908e-01
-3.278222084045410156e-01
-4.478407800197601318e-01
-2.807902991771697998e-01
-1.368522047996520996e-01
-1.688574254512786865e-01
-3.602470457553863525e-01
-3.193075954914093018e-01
-1.858031600713729858e-01
-1.146605685353279114e-01
-1.387386471033096313e-01
-1.528868675231933594e-01
-1.393186300992965698e-01
-1.597519665956497192e-01
-1.419161111116409302e-01
-1.063204556703567505e-01
-1.056008264422416687e-01
-1.537633240222930908e-01
-1.715775281190872192e-01
-2.188675105571746826e-01
-1.176298260688781738e-01
-1.302986890077590942e-01
-1.731061041355133057e-01
-2.033864855766296387e-01
-1.955923736095428467e-01
-2.298938930034637451e-01
-1.674396246671676636e-01
-1.874387115240097046e-01
-2.868812978267669678e-01
-2.200613468885421753e-01
-2.450876832008361816e-01
-2.875029146671295166e-01
-1.873436272144317627e-01
-2.574614584445953369e-01
-2.719123363494873047e-01
-2.208190411329269409e-01
-3.076301515102386475e-01
-2.938035726547241211e-01
-1.614304333925247192e-01
-2.291672229766845703e-01
-2.591507732868194580e-01
-3.696888685226440430e-01
-1.971044093370437622e-01
-2.533012628555297852e-01
-2.517080307006835938e-01
-2.254732996225357056e-01
-3.250922560691833496e-01
-3.022924661636352539e-01
-2.529487609863281250e-01
-3.100876510143280029e-01
-2.312343567609786987e-01
-2.810932099819183350e-01
-2.455122619867324829e-01
-1.889454871416091919e-01
-1.461720764636993408e-01
-1.693753749132156372e-01
-2.257713079452514648e-01
-1.914121806621551514e-01
-2.787929475307464600e-01
-2.818793058395385742e-01
-3.523602187633514404e-01
-3.451299071311950684e-01
-2.167838662862777710e-01
-1.864380389451980591e-01
-1.957166194915771484e-01
-2.549426555633544922e-01
-3.458452224731445312e-01
-3.247629106044769287e-01
-3.295388817787170410e-01
-3.072406053543090820e-01
-3.447297513484954834e-01
-3.210142850875854492e-01
-2.777582406997680664e-01
-3.175091743469238281e-01
-2.523996233940124512e-01
-3.061403930187225342e-01
-2.899021506309509277e-01
-1.959121972322463989e-01
-2.709028422832489014e-01
-2.208679467439651489e-01
-1.873128861188888550e-01
-1.211971193552017212e-01
-1.183243319392204285e-01
-1.373608708381652832e-01
-1.537605673074722290e-01
-2.007151544094085693e-01
-1.936923265457153320e-01
-2.705648243427276611e-01
-1.974948793649673462e-01
-9.546633064746856689e-02
-3.128559291362762451e-01
-3.532770276069641113e-01
-2.259705960750579834e-01
-3.385680317878723145e-01
-3.040835261344909668e-01
-2.191484868526458740e-01
-1.712447255849838257e-01
-2.785505950450897217e-01
-2.324715405702590942e-01
-3.345942795276641846e-01
-3.050536215305328369e-01
-3.799296617507934570e-01
-3.081049919128417969e-01
-2.995314300060272217e-01
-2.604467272758483887e-01
-2.645381689071655273e-01
-3.049603402614593506e-01
-3.256048262119293213e-01
-2.725487351417541504e-01
-1.731728166341781616e-01
-3.247020840644836426e-01
-3.214890062808990479e-01
-3.532728552818298340e-01
-2.782356441020965576e-01
-2.809707224369049072e-01
-4.303936958312988281e-01
-3.555634915828704834e-01
-4.227569401264190674e-01
-2.390277832746505737e-01
-1.887126415967941284e-01
-2.607991397380828857e-01
-1.786063462495803833e-01
-1.963097900152206421e-01
-1.277584284543991089e-01
-1.869116723537445068e-01
-5.861199274659156799e-02
-2.468699403107166290e-02
-1.637055128812789917e-01
5.610352754592895508e-02
-7.045698165893554688e-02
-1.717808544635772705e-01
-2.526114881038665771e-01
-2.450397312641143799e-01
-2.813852131366729736e-01
-3.279462754726409912e-01
-3.374967277050018311e-01
-3.673564493656158447e-01
-3.228378593921661377e-01
-3.503142297267913818e-01
-2.412508875131607056e-01
-1.460389047861099243e-01
-1.478404551744461060e-01
-1.254925578832626343e-01
-6.396763026714324951e-02
-2.448255382478237152e-02
-6.541699171066284180e-02
-1.369659751653671265e-01
-2.795389592647552490e-01
-2.580248117446899414e-01
-3.136864006519317627e-01
-4.199281632900238037e-01
-3.398123681545257568e-01
-3.001360595226287842e-01
-2.550262510776519775e-01
-2.869463562965393066e-01
-3.615574836730957031e-01
-3.619248867034912109e-01
-2.907042205333709717e-01
-4.082652628421783447e-01
-3.222599625587463379e-01
-3.160332143306732178e-01
-3.465545177459716797e-01
-1.729961484670639038e-01
-2.164159417152404785e-01
-2.959571778774261475e-01
-2.399377524852752686e-01
-2.610491216182708740e-01
-4.240843653678894043e-01
-3.891909718513488770e-01
-3.978645503520965576e-01
-4.114153683185577393e-01
-2.770424187183380127e-01
-3.175965249538421631e-01
-2.302148789167404175e-01
-1.439892649650573730e-01
-2.663416266441345215e-01
-2.846926152706146240e-01
-2.830297350883483887e-01
-3.989770710468292236e-01
-2.737338542938232422e-01
-3.137151002883911133e-01
-2.538620531558990479e-01
-1.954794824123382568e-01
-1.265509575605392456e-01
-2.020543366670608521e-01
-2.330535352230072021e-01
-1.965625286102294922e-01
-2.741501331329345703e-01
-1.397772282361984253e-01
-2.023070007562637329e-01
-3.334501013159751892e-02
-5.914419516921043396e-02
-8.772872388362884521e-02
-1.554326117038726807e-01
-1.203153803944587708e-01
-1.675571650266647339e-01
-2.461125254631042480e-01
-2.342640459537506104e-01
-1.826194673776626587e-01
-1.984453052282333374e-01
-2.278439700603485107e-01
-1.423294693231582642e-01
-1.473417133092880249e-01
-3.805488348007202148e-01
-3.516120612621307373e-01
-3.873760402202606201e-01
-3.086700439453125000e-01
-2.574765384197235107e-01
-2.077837884426116943e-01
-3.050068616867065430e-01
-1.630426645278930664e-01
-2.495768517255783081e-01
-3.766216933727264404e-01
-3.193171918392181396e-01
-3.605070114135742188e-01
-2.870175242424011230e-01
-4.392067492008209229e-01
-3.411793708801269531e-01
-3.635106980800628662e-01
-3.660193383693695068e-01
-2.761380076408386230e-01
-2.881593704223632812e-01
-3.059654831886291504e-01
-3.710977137088775635e-01
-2.189704030752182007e-01
-2.400499433279037476e-01
-2.083692550659179688e-01
-1.016861796379089355e-01
-1.451553255319595337e-01
-2.387045919895172119e-01
-3.354677557945251465e-01
-2.696250975131988525e-01
-3.063889443874359131e-01
-2.308539599180221558e-01
-2.656603455543518066e-01
-3.197360336780548096e-01
-3.629810512065887451e-01
-3.091111481189727783e-01
-2.605299651622772217e-01
-1.559612601995468140e-01
-1.138052567839622498e-01
-1.782110780477523804e-01
-1.842438578605651855e-01
-2.099265158176422119e-01
-2.158392816781997681e-01
-2.156520336866378784e-01
-1.654478162527084351e-01
-2.446257025003433228e-01
-3.002305328845977783e-01
-3.244919776916503906e-01
-2.414644062519073486e-01
-2.655407190322875977e-01
-1.643734276294708252e-01
-1.670722365379333496e-01
9.391626343131065369e-03
-2.099865116178989410e-02
7.520546764135360718e-02
-8.356360346078872681e-02
6.785042583942413330e-02
1.149693280458450317e-01
1.542804688215255737e-01
1.974722743034362793e-01
2.962642908096313477e-02
3.387648239731788635e-02
9.340138733386993408e-02
8.627057075500488281e-02
-4.145403206348419189e-02
-6.319030374288558960e-02
-2.064851820468902588e-01
-1.151135563850402832e-01
1.216176897287368774e-01
2.889023125171661377e-01
2.718942463397979736e-01
2.097966074943542480e-01
1.611605137586593628e-01
-1.112193614244461060e-02
-5.348734185099601746e-02
-8.597881346940994263e-02
-1.519856899976730347e-01
-1.984922587871551514e-01
-3.582839667797088623e-01
-3.817483782768249512e-01
-2.690836489200592041e-01
-2.925135493278503418e-01
-2.115608900785446167e-01
-5.022931843996047974e-02
1.047800779342651367e-01
8.968582004308700562e-02
-1.786036789417266846e-02
1.089363992214202881e-01
1.627322882413864136e-01
7.605486363172531128e-02
-8.050271123647689819e-02
-9.898269176483154297e-02
-1.587031930685043335e-01
-8.302536606788635254e-02
-1.934397965669631958e-01
-7.634165138006210327e-02
-1.789290010929107666e-01
-1.304722726345062256e-01
-1.207573115825653076e-01
-9.669971466064453125e-02
-2.081002891063690186e-01
-2.172028124332427979e-01
-2.698419392108917236e-01
-2.380854934453964233e-01
-2.891759872436523438e-01
-2.286547422409057617e-01
-7.533510029315948486e-02
5.262458324432373047e-02
4.046401381492614746e-02
-7.174947857856750488e-02
-1.979813128709793091e-01
-1.913942396640777588e-01
-2.239587754011154175e-01
-2.595742642879486084e-01
-1.229156553745269775e-01
-2.734599411487579346e-01
-2.238121777772903442e-01
-2.088105231523513794e-01
-1.847168505191802979e-01
-1.656661778688430786e-01
-1.377811282873153687e-01
-1.707770079374313354e-01
-1.113924756646156311e-01
-1.713328957557678223e-01
-1.256521195173263550e-01
-1.319407671689987183e-01
-6.231878697872161865e-02
-1.671777218580245972e-01
1.451480239629745483e-01
1.925142556428909302e-01
1.911896467208862305e-01
2.232623547315597534e-01
2.062106132507324219e-01
2.565236687660217285e-01
2.320752888917922974e-01
2.656722664833068848e-01
2.747270762920379639e-01
2.735091447830200195e-01
2.697647809982299805e-01
2.269994914531707764e-01
2.713892161846160889e-01
2.295064181089401245e-01
1.891154944896697998e-01
7.709526270627975464e-02
1.141351386904716492e-01
1.080220937728881836e-02
1.561303734779357910e-01
1.993912011384963989e-01
2.245384752750396729e-01
3.479604721069335938e-01
3.027308583259582520e-01
3.805391788482666016e-01
4.254711866378784180e-01
3.449872136116027832e-01
2.882387340068817139e-01
2.288734018802642822e-01
1.389969289302825928e-01
2.455949410796165466e-02
1.032308563590049744e-01
5.549227818846702576e-02
-1.264173984527587891e-01
-1.548516303300857544e-01
-8.202151954174041748e-02
-5.679249018430709839e-02
-1.057295575737953186e-01
-8.475326001644134521e-02
-2.075042426586151123e-01
5.039117112755775452e-02
2.123341113328933716e-01
1.427725702524185181e-01
8.466503769159317017e-02
1.141107454895973206e-02
1.944960653781890869e-02
7.018247246742248535e-02
7.818383723497390747e-02
9.783618897199630737e-02
2.131950668990612030e-02
-4.577895626425743103e-02
-7.307516038417816162e-02
-9.870267659425735474e-02
-3.004096820950508118e-02
1.408659759908914566e-02
3.549454035237431526e-03
-1.992402598261833191e-02
-5.324822384864091873e-03
2.765886113047599792e-02
1.635402441024780273e-01
2.697060406208038330e-01
3.480920791625976562e-01
3.699969649314880371e-01
2.657297849655151367e-01
2.955604791641235352e-01
1.369481682777404785e-01
4.709779471158981323e-02
-6.936059892177581787e-02
-4.466141387820243835e-02
-8.320900797843933105e-02
-9.059126675128936768e-02
-1.283952146768569946e-01
-1.469995677471160889e-01
-1.321319639682769775e-01
8.823153562843799591e-03
1.772129386663436890e-01
1.853497326374053955e-01
8.567011356353759766e-02
-2.126171290874481201e-01
-1.154747083783149719e-01
-7.640580832958221436e-02
-4.162407293915748596e-02
-3.903540223836898804e-02
-7.726742327213287354e-02
-3.964781016111373901e-02
5.372612923383712769e-02
1.471097469329833984e-01
8.549620211124420166e-02
4.930238053202629089e-02
1.539329886436462402e-01
2.745620906352996826e-01
3.665043413639068604e-01
3.163618445396423340e-01
3.274186253547668457e-01
2.716181278228759766e-01
2.351798862218856812e-01
3.068339228630065918e-01
3.692694306373596191e-01
3.512876927852630615e-01
3.765069246292114258e-01
3.807166218757629395e-01
2.747298777103424072e-01
2.160131484270095825e-01
2.257110923528671265e-01
3.194391429424285889e-01
3.396422564983367920e-01
4.147438406944274902e-01
4.025614261627197266e-01
4.195087552070617676e-01
3.680846393108367920e-01
4.434226453304290771e-01
4.332108497619628906e-01
3.611671924591064453e-01
4.325983226299285889e-01
4.274346828460693359e-01
5.317912697792053223e-01
4.570487141609191895e-01
4.942640364170074463e-01
5.259791016578674316e-01
5.403245091438293457e-01
5.810770988464355469e-01
5.244850516319274902e-01
4.138915538787841797e-01
3.886008262634277344e-01
4.396232366561889648e-01
3.894567489624023438e-01
3.896175324916839600e-01
3.558286130428314209e-01
4.660936295986175537e-01
4.559020698070526123e-01
4.649279117584228516e-01
4.084016680717468262e-01
4.001141190528869629e-01
5.036458969116210938e-01
5.146015882492065430e-01
3.208598196506500244e-01
3.841861486434936523e-01
3.023005425930023193e-01
2.232014536857604980e-01
2.867856919765472412e-01
4.554466307163238525e-01
4.947392940521240234e-01
4.237615764141082764e-01
3.304231464862823486e-01
4.344828128814697266e-01
4.887792468070983887e-01
4.945235550403594971e-01
4.911816120147705078e-01
4.535969495773315430e-01
4.992899894714355469e-01
4.742470085620880127e-01
4.524043202400207520e-01
4.957961440086364746e-01
4.569540917873382568e-01
5.457520484924316406e-01
4.433993995189666748e-01
5.173434019088745117e-01
4.887956976890563965e-01
5.274252891540527344e-01
5.267683863639831543e-01
4.014877676963806152e-01
4.109459519386291504e-01
4.330457448959350586e-01
4.345392882823944092e-01
4.702504575252532959e-01
4.771470427513122559e-01
4.269697070121765137e-01
4.984056949615478516e-01
3.881003558635711670e-01
2.609987258911132812e-01
3.230563998222351074e-01
4.026746749877929688e-01
5.066006183624267578e-01
5.446254611015319824e-01
3.736461400985717773e-01
4.849570393562316895e-01
4.456772804260253906e-01
4.781676530838012695e-01
4.264940619468688965e-01
4.176752269268035889e-01
3.922124207019805908e-01
4.118680953979492188e-01
4.233287274837493896e-01
4.632297158241271973e-01
4.723077714443206787e-01
4.965419173240661621e-01
4.821890890598297119e-01
3.823859393596649170e-01
3.267217278480529785e-01
3.257652819156646729e-01
4.028289616107940674e-01
4.983880817890167236e-01
4.702962040901184082e-01
5.255222916603088379e-01
